! Electrical properties
Electric Conductivity = 1.9e6  ! (1 / rho from JSON)
Relative Permittivity = 1.0

! Thermal properties
Heat Conductivity = 1.0  ! lambda_x assumed isotropic
Heat Capacity = 1.0       ! Cp

H-B Curve = Variable coupled iter
Real   Cubic Monotone
0.0  0.0
49.119554  0.51874915
62.7561  0.66136273
68.794536  0.72043521
73.717305  0.76576312
78.12987  0.80397632
82.267761  0.83764282
86.254404  0.86807966
90.166325  0.89606923
94.056896  0.92212128
97.966932  0.9465899
101.93012  0.9697329
105.97611  0.9917449
110.13245  1.0127771
114.42592  1.0329497
118.8835  1.0523603
123.53318  1.0710892
128.40469  1.0892035
133.5302  1.10676
138.945  1.1238073
144.68831  1.1403874
150.80408  1.1565365
157.34205  1.1722867
164.35877  1.1876662
171.91901  1.2026999
180.09727  1.2174102
188.97961  1.2318171
198.66577  1.2459386
209.27165  1.2597911
220.9322  1.2733893
233.80463  1.2867468
248.072  1.2998759
263.94703  1.312788
281.67588  1.3254934
301.5416  1.3380018
323.86672  1.3503221
349.01419  1.3624625
377.386  1.3744307
409.41897  1.3862337
445.57724  1.3978783
486.34266  1.4093707
532.20438  1.4207167
583.65053  1.4319217
641.1645  1.4429908
705.22702  1.453929
776.32359  1.4647406
854.95408  1.4754302
941.64015  1.4860015
1036.9262  1.4964586
1141.3706  1.506805
1255.5256  1.5170442
1379.9078  1.5271795
1514.9623  1.5372139
1661.0266  1.5471503
1818.3007  1.5569917
1986.8296  1.5667407
2166.5024  1.5763998
2357.068  1.5859715
2558.1648  1.5954581
2769.3578  1.6048619
2990.1785  1.6141849
3220.1612  1.6234292
3458.8728  1.6325969
3705.9348  1.6416896
3961.0378  1.6507094
4223.9493  1.6596578
4494.5172  1.6685366
4772.6695  1.6773474
5058.4117  1.6860917
5351.8241  1.6947709
5653.0579  1.7033866
5962.3319  1.71194
6279.9297  1.7204326
6606.1974  1.7288655
6941.5423  1.7372402
7286.4324  1.7455576
7641.3962  1.753819
8007.0239  1.7620256
8383.9692  1.7701783
8772.9518  1.7782782
9174.7603  1.7863264
9590.257  1.7943238
10020.382  1.8022714
10466.159  1.8101701
10928.702  1.8180207
11409.22  1.8258242
11909.031  1.8335814
12429.564  1.8412931
12972.371  1.8489601
13539.139  1.8565832
14131.699  1.864163
14752.042  1.8717004
15402.325  1.879196
16084.891  1.8866506
16802.277  1.8940648
17557.231  1.9014392
18352.727  1.9087744
19191.97  1.9160712
20078.413  1.9233301
21015.765  1.9305516
22007.99  1.9377364
23059.311  1.944885
24174.204  1.9519979
25357.377  1.9590758
26613.747  1.966119
27948.406  1.9731281
29366.56  1.9801035
30873.471  1.9870459
32474.368  1.9939555
34174.347  2.000833
35978.262  2.0076787
37890.598  2.014493
39915.338  2.0212765
42055.838  2.0280295
44314.704  2.0347524
46693.688  2.0414456
49193.61  2.0481095
51814.311  2.0547445
54554.642  2.0613509
57412.493  2.0679292
60384.852  2.0744797
63467.902  2.0810027
66657.134  2.0874986
69947.479  2.0939677
73333.447  2.1004103
76809.258  2.1068268
80368.976  2.1132175
84006.615  2.1195827
87716.243  2.1259226
91492.061  2.1322377
95328.465  2.1385281
99220.093  2.1447942
End
